DNS Algorithm output 
====================

Set 1 :
======

Mon May  2 18:11:49 [kxk2907@paranoia:~/practice/parallel/hw3/hw3-5]java hw3q5seq 9 1 output_seq.bin
Job 5479, thug24
174 msec
Mon May  2 18:12:58 [kxk2907@paranoia:~/practice/parallel/hw3/hw3-5]java -Dpj.np=9 hw3q5clu 9 1 output_parallel.bin
Job 5481, thug01, thug02, thug03, thug04, thug05, thug06, thug07, thug08, thug09
350 msec
Mon May  2 18:13:40 [kxk2907@paranoia:~/practice/parallel/hw3/hw3-5]diff output_parallel.bin output_seq.bin
Mon May  2 18:13:56 [kxk2907@paranoia:~/practice/parallel/hw3/hw3-5]
Mon May  2 18:13:56 [kxk2907@paranoia:~/practice/parallel/hw3/hw3-5]cat output_seq.bin
Matrix C :
20249 11788 19929 18009 12808 12859 21989 17696 15045
36833 19350 29976 25774 25405 23732 30414 29221 29267
27119 19369 25539 26314 22497 18731 21436 20505 19736
26061 14655 23438 25964 21549 21915 24672 25231 20023
23044 15437 19676 17768 19017 18245 24257 21117 17226
29180 17479 21092 17496 22202 19572 17092 18586 23254
22218 15001 23183 21941 17058 13908 24140 20524 15264
32344 19647 24633 18696 27670 20248 27578 24293 28010
33267 17187 33304 28212 24012 19071 25207 22953 27642
Mon May  2 18:14:05 [kxk2907@paranoia:~/practice/parallel/hw3/hw3-5]cat output_parallel.bin
Matrix C :
20249 11788 19929 18009 12808 12859 21989 17696 15045
36833 19350 29976 25774 25405 23732 30414 29221 29267
27119 19369 25539 26314 22497 18731 21436 20505 19736
26061 14655 23438 25964 21549 21915 24672 25231 20023
23044 15437 19676 17768 19017 18245 24257 21117 17226
29180 17479 21092 17496 22202 19572 17092 18586 23254
22218 15001 23183 21941 17058 13908 24140 20524 15264
32344 19647 24633 18696 27670 20248 27578 24293 28010
33267 17187 33304 28212 24012 19071 25207 22953 27642
Mon May  2 18:14:08 [kxk2907@paranoia:~/practice/parallel/hw3/hw3-5]

Set 2 
======

Mon May  2 18:15:42 [kxk2907@paranoia:~/practice/parallel/hw3/hw3-5]java -Dpj.np=27 hw3q5clu 27 1 output_parallel.bin
Job 5491, thug04, thug05, thug06, thug07, thug08, thug09, thug10, thug11, thug12, thug13, thug14, thug24, thug25, thug26, thug27, thug28, thug29, thug30, thug31, thug32, thug01, thug02, thug03, thug15, thug16, thug17, thug18
517 msec
Mon May  2 18:19:25 [kxk2907@paranoia:~/practice/parallel/hw3/hw3-5]java hw3q5seq 27 1 output_seq.bin
Job 5493, thug23
356 msec
Mon May  2 18:19:49 [kxk2907@paranoia:~/practice/parallel/hw3/hw3-5]!diff
diff output_parallel.bin output_seq.bin
Mon May  2 18:19:57 [kxk2907@paranoia:~/practice/parallel/hw3/hw3-5]diff output_parallel.bin output_seq.bin
Mon May  2 18:20:05 [kxk2907@paranoia:~/practice/parallel/hw3/hw3-5]
Mon May  2 18:20:05 [kxk2907@paranoia:~/practice/parallel/hw3/hw3-5]
Mon May  2 18:20:06 [kxk2907@paranoia:~/practice/parallel/hw3/hw3-5]cat output_seq.bin
Matrix C :
67133 69956 59798 66604 42260 52212 85368 61428 74987 76866 72537 68350 63303 52067 47565 60420 70322 56987 78013 64130 65853 55621 71527 60518 43246 65711 69489
60300 62073 55563 49969 47538 44853 68587 54384 69697 65515 75116 61641 57999 48111 56351 66261 66369 53413 65138 58344 60486 53235 71089 56803 54956 58758 66605
71761 76715 58354 78340 47750 55578 82077 63544 83983 81036 72876 75774 66562 47590 60794 64785 76943 55657 75862 74151 76613 60850 69070 65480 48404 74678 78645
72119 70396 64540 70464 47166 53860 82075 61899 79771 77019 75000 74117 65768 57322 62247 72166 72200 57790 79411 70060 69530 57231 85226 69560 59599 77710 69269
75659 74013 66404 62685 48475 54914 75539 67313 74528 71266 78687 70802 56923 57551 61013 70627 66096 66033 66992 64173 62458 57024 72908 69009 54898 62362 67740
71763 73923 61272 65334 48244 58991 79723 61162 84319 71027 78183 78820 55169 46099 69819 67319 68504 57341 72364 64302 62501 65742 76557 63708 53882 65613 76726
66962 62483 71503 73834 46637 53944 80560 56619 70425 75083 69721 77673 58874 53138 59128 61539 73236 63073 74031 65903 65350 54768 83225 68208 63367 70208 74401
64296 64486 58292 67497 46055 43531 66181 51864 64706 70110 68749 68428 55599 49293 60953 64512 57534 51734 63133 60822 66365 50939 72595 60189 49731 69067 62135
72640 70070 66495 69941 46688 52062 70064 57536 72628 74282 79337 68125 63833 50726 65118 70668 69926 60298 71566 73018 69720 55453 78488 59536 56710 75862 67963
79485 77218 63211 71806 40752 63083 80077 62600 76212 77114 68820 78960 63962 55648 58600 64273 67221 59956 76828 62987 58717 63587 69605 70990 55064 74245 73691
81227 76509 76399 75849 55841 61078 86066 73802 89228 80994 91039 78776 65054 60285 70206 76770 80384 71269 80041 74916 77242 70350 91877 74344 67354 72045 76832
60961 67862 57807 62182 38310 51314 66510 62745 65374 68713 75499 58642 50197 50722 47757 63916 62162 56215 62737 60817 57322 53365 64930 61000 46550 61504 58382
55614 51971 58747 54545 39229 44019 65516 49444 66761 56328 59942 66287 57174 42709 47739 48612 62502 47383 55552 51070 61014 54003 65081 55232 51343 60199 55819
73548 78306 69671 75772 44806 62533 85162 73407 85349 76690 79124 81532 62267 56424 71284 72384 73434 64330 82810 77163 65691 67144 76562 66782 57954 76118 82989
70225 73287 63982 64290 47070 58838 73940 56861 79648 70443 72216 81496 64058 49732 65830 60376 67711 60543 73034 61763 64567 62081 79493 65094 56126 67898 69405
66156 54710 58341 61177 58990 54524 71469 45702 72235 74985 74641 71506 63285 52014 56837 65038 61418 57673 69495 62328 72049 52096 89567 67864 58156 71507 60509
71268 80429 69939 74246 49810 66519 79745 65124 86009 78083 75127 80370 60747 41683 66754 64506 81042 68591 82350 81012 78884 53936 83562 67052 65308 76949 79782
71080 70553 68971 66957 52663 55085 75905 58291 80037 72379 81563 73999 60064 54851 63649 69329 77078 61655 77459 67080 72712 61809 83044 65623 58967 73392 71575
86031 91465 82390 81702 52315 68452 94404 76714 99715 85281 87519 86554 66314 57821 74858 81726 89373 70355 91078 91053 79435 68649 90317 72497 66201 88051 87402
66477 66283 61750 57368 42835 52706 70537 56548 71087 67742 67765 62092 56313 49475 50735 69263 71052 61542 69340 68321 61401 45977 72962 59926 51536 66547 64714
56404 58775 52831 52925 36070 49498 62666 54813 58574 61741 68932 58560 47459 42621 49150 56703 58173 55220 55108 52760 48197 49907 63920 57158 51515 52249 60735
64275 71731 66908 69324 50957 61546 75845 69181 90501 68595 75964 72922 54519 56641 62705 66193 73320 62748 74712 74039 65761 68624 73927 69328 54864 69102 70781
75889 70984 65825 66621 52516 55477 71453 57577 77949 72616 77279 69239 60016 52476 61431 68566 64061 60984 75969 69042 71015 55091 84675 63355 54313 74424 62535
72143 69096 61896 62572 46373 52947 69168 62367 75663 64984 70778 69082 57734 49074 52188 53625 69550 60593 69541 59624 71772 57137 68700 66708 56499 62621 62799
57198 63233 57214 55680 38821 43434 64926 54032 63540 57642 64723 64405 42778 39138 55659 53479 47718 47005 55818 56073 55897 47065 60660 50311 40868 57610 56545
56713 63631 58554 66567 46666 49154 74247 54440 68406 75382 76903 59586 53489 52074 48993 63624 73830 58051 63305 62727 61474 53979 68339 63496 52962 63462 63954
61389 60867 52290 58824 44122 51965 61525 52872 64349 65589 66198 60723 63493 50373 52148 59395 64735 57046 66366 57065 60767 47124 74454 57345 50277 62381 55158
Mon May  2 18:20:09 [kxk2907@paranoia:~/practice/parallel/hw3/hw3-5]

