Output 
======

Sun May 15 16:30:33 [kxk2907@paranoia:~/practice/parallel/hw4/hw4-4]java  hw4q4seq 1 100 100 output_seq.bin
Job 10459, thug01
473 msec
Sun May 15 16:30:46 [kxk2907@paranoia:~/practice/parallel/hw4/hw4-4]java -Dpj.np=3 hw4q4clu 1 100 100 output_clu.bin
Job 10460, thug02, thug03, thug04
619 msec
615 msec
611 msec
Sun May 15 16:31:01 [kxk2907@paranoia:~/practice/parallel/hw4/hw4-4]diff output_clu.bin output_seq.bin
Sun May 15 16:31:05 [kxk2907@paranoia:~/practice/parallel/hw4/hw4-4]
Sun May 15 16:31:06 [kxk2907@paranoia:~/practice/parallel/hw4/hw4-4]less output_clu.bin
Matrix C :
2232 2243 2224 2144 2327 2271 2010 2074 2249 2090 2056 1818 2264 2250 2082 2264 1741 2527 2276 2187 2241 2215 2009 2440 2253 2015 2117 1994 2141 2050 2244 2060 2315 246
8 2427 2099 2438 2133 2432 2072 2027 2309 2244 2160 1784 2187 2443 2041 2381 2256 2026 2449 2080 2277 2267 2090 2280 2483 2141 1718 2183 1893 2111 2174 2266 1876 2096 1
982 2254 2340 2270 2058 2291 2012 2205 2088 2333 2141 2224 2379 2341 2084 1959 1985 1850 1985 1987 2086 2042 2051 2218 2305 2332 2299 2267 2232 2042 2390 2165 2265
Sun May 15 16:31:13 [kxk2907@paranoia:~/practice/parallel/hw4/hw4-4]
Sun May 15 16:31:13 [kxk2907@paranoia:~/practice/parallel/hw4/hw4-4]
Sun May 15 16:31:14 [kxk2907@paranoia:~/practice/parallel/hw4/hw4-4]less output_seq.bin
Matrix C :
2232 2243 2224 2144 2327 2271 2010 2074 2249 2090 2056 1818 2264 2250 2082 2264 1741 2527 2276 2187 2241 2215 2009 2440 2253 2015 2117 1994 2141 2050 2244 2060 2315 246
8 2427 2099 2438 2133 2432 2072 2027 2309 2244 2160 1784 2187 2443 2041 2381 2256 2026 2449 2080 2277 2267 2090 2280 2483 2141 1718 2183 1893 2111 2174 2266 1876 2096 1
982 2254 2340 2270 2058 2291 2012 2205 2088 2333 2141 2224 2379 2341 2084 1959 1985 1850 1985 1987 2086 2042 2051 2218 2305 2332 2299 2267 2232 2042 2390 2165 2265
Sun May 15 16:31:24 [kxk2907@paranoia:~/practice/parallel/hw4/hw4-4]
Sun May 15 16:31:25 [kxk2907@paranoia:~/practice/parallel/hw4/hw4-4]
Sun May 15 16:31:25 [kxk2907@paranoia:~/practice/parallel/hw4/hw4-4]

